# Complaint IDs inspected in an earlier benchmark (artifacts/benchmarks/cfpb); excluded from the case study.
8085120
8085192
8085260
8085289
8085299
8085300
8085301
8085318
8085323
8085368
8085371
8085373
8085374
8085375
8085378
8085422
8085432
8085526
8085611
8085634
8085676
8085678
8085685
8085747
8085754
8086396
8086398
8086421
8086429
8086437
8086445
8086463
8086468
8086470
8086479
8086499
8086508
8086513
8086518
8086531
8086537
8086550
8086552
8086561
8086569
8086613
8086617
8086623
8086637
8086639
8086643
8086648
8086654
8086662
8086664
8086665
8086690
8086745
8086764
8086770
8086771
8086867
8086876
8086882
8086913
8086918
8086928
8086959
8086962
8086963
8087019
8087074
8087105
8087162
8087185
8087193
8087298
8087309
8087371
8087373
8087381
8087388
8087390
8087400
8087403
8087407
8087493
8087505
8087507
8087513
8087517
8087583
8087611
8087641
8087645
8087685
8087694
8087700
8087708
8087726
8087743
8087754
8087773
8087782
8087799
8087835
8087836
8087847
8087863
8087865
8087882
8087888
8087892
8087903
8087905
8087946
8087961
8087971
8087972
8087976
8087984
8087986
8088030
8088045
8088048
8088049
8088051
8088059
8088061
8088064
8088132
8088148
8088174
8088185
8088187
8088194
8088196
8088197
8088205
8088212
8088288
8088304
8088310
8088322
8088325
8088372
8088376
8088377
8088383
8088393
8088395
8088434
8088482
8088487
8088499
8088502
8088510
8088541
8088571
8088575
8088589
8088599
8088610
8088634
8088641
8088650
8088651
8088655
8088657
8088692
8088697
8088701
8088702
8088715
8088716
8088740
8088745
8088749
8088777
8088793
8088805
8088807
8088837
8088840
8088841
8088850
8088855
8088862
8088871
8088880
8088926
8088927
8088954
8088975
8088979
8088984
8088988
8088995
8089001
8089002
8089012
8089019
8089057
8089069
8089082
8089091
8089095
8089098
8089105
8089110
8089133
8089139
8089147
8089189
8089210
8089236
8089256
8089570
8089597
8089726
8089776
8089846
8089866
8090030
8090085
8090092
8090126
8090162
8090205
8090217
8090234
8090242
8090327
8090389
8090396
8090456
8090470
8090471
8090511
8090526
8090559
8090570
8090593
8090662
8090664
8090666
8090669
8090717
8090744
8090760
8090774
8090785
8090818
8090852
8090853
8090868
8090876
8090911
8090916
8090927
8090985
8090993
8091114
8091120
8091211
8091216
8091254
8091255
8091379
8091397
8091432
8091441
8091459
8091479
8091484
8091488
8091501
8091557
8091598
8091666
8091753
8091762
8091771
8091809
8091833
8091836
8091837
8091842
8091935
8092000
8092004
8092012
8092264
8092334
8092348
8092461
8092502
8092587
8092655
8092812
8092896
8092913
8092915
8093124
8093419
8093580
8093644
8093658
8093671
8093674
8093859
8093882
8093894
8093938
8093940
8093942
8093959
8093967
8093983
8094010
8094035
8094094
8094112
8094116
8094119
8094130
8094252
8094262
8094266
8094284
8094286
8094295
8094304
8094315
8094317
8094333
8094334
8094413
8094505
8094516
8094596
8094603
8094609
8094621
8094633
8094634
8094638
8094664
8094700
8094712
8094722
8094737
8094809
8094822
8094868
8094885
8094921
8094928
8094931
8094955
8094971
8094980
8095013
8095029
8095124
8095169
8095227
8095239
8095258
8095263
8095290
8095312
8095338
8095341
8095383
8095536
8095537
8095545
8095587
8095633
8095638
8095661
8095668
8095773
8095950
8096073
8096097
8096290
8096623
8096763
8097008
8097682
8097725
8098102
8098125
8098205
8098545
8098591
8098617
8098880
8098899
8098967
8099081
8099138
8099157
8099180
8099294
8099314
8099407
8099439
8099447
8099493
8099592
8099601
8099613
8099622
8099645
8099828
8099848
8099902
8099903
8099941
8099985
8100222
8100498
8100515
8100662
8100720
8100956
8101121
8101128
8101488
8101724
8101741
8101905
8101969
8101979
8102027
8102113
8102161
8102271
8102278
8102306
8102383
8102394
8102396
8102415
8102933
8102941
8106314
8107354
8107869
8108018
8108045
8108169
8108435
8108767
8109250
8109298
8109583
8109781
8109846
8128878
